h_min: 100        #hsv min
s_min: 20         #20
v_min: 20         #40
h_max: 120        #hsv max
s_max: 200        #50
v_max: 200        #80
canny_lower: 200  #canny params
canny_upper: 300
canny_ker: 3
min_contour_area: 500

t_cam: [0, 0, 0.02]
cam_to_quad_rot: [0,0,1,-1,0,0,0,-1,0]
camera_matrix: [320.25492609007654, 0, 320.5, 0, 320.25492609007654, 240.5, 0, 0, 1;]
verbose: true
