h_min: 100        #hsv min
s_min: 20         #20
v_min: 20         #40
h_max: 120        #hsv max
s_max: 200        #50
v_max: 200        #80
canny_lower: 200  #canny params
canny_upper: 300
canny_ker: 3
min_contour_area: 1200

t_cam: [0, 0, 0.02]
cam_to_quad_rot: [0,0,1,-1,0,0,0,-1,0]
camera_matrix: [415.21159208661874, 0.0, 424.5, 0.0, 415.21159208661874, 240.5, 0.0, 0.0, 1.0]
verbose: true
